0
15
10
1
14
10
2
14
9
3
13
9
4
13
8
5
13
7
0
15
10
0
15
10
1
14
10
2
13
10
0
15
10
1
14
10
2
13
10
3
12
10
4
11
10
5
10
10
6
9
10
7
8
10
8
7
10
9
6
10
10
6
9
11
6
8
12
6
7
13
6
6
14
6
5
0
15
10
1
14
10
2
13
10
3
12
10
4
11
10
5
10
10
6
9
10
7
8
10
8
7
10
9
6
10
10
5
10
11
4
10
12
3
10
13
2
10
14
1
10
15
0
10
16
0
10
17
0
9
18
0
8
19
0
7
20
0
6
21
0
5
22
0
4
23
0
3
24
0
2
25
0
1
26
0
0
27
0
0
0
15
10
1
14
10
2
13
10
3
12
10
4
11
10
5
10
10
0
15
10
0
15
10
1
14
10
2
13
10
3
12
10
4
11
10
5
10
10
6
9
10
7
8
10
8
7
10
9
6
10
10
5
10
11
4
10
12
3
10
13
2
10
14
1
10
15
0
10
16
0
10
17
0
9
18
0
8
19
0
7
20
0
6
21
0
5
22
0
4
23
0
3
24
0
2
25
0
1
26
0
0
0
15
10
1
14
10
2
14
9
3
14
8
4
14
7
5
14
6
6
14
5
7
14
4
8
14
3
9
14
2
10
14
1
11
14
0
12
14
0
13
14
0
14
14
0
15
14
0
16
14
0
17
13
0
18
12
0
19
11
0
20
10
0
21
9
0
22
8
0
23
7
0
24
6
0
25
5
0
26
4
0
27
3
0
28
2
0
29
1
0
30
0
0
31
0
0
